3.0875 2.04476 0.43 0
3.26742 2.49206 0.56 1
3.27407 2.30742 0.66 1
3.33387 2.24645 0.71 1
3.5686 1.58919 0.86 1
3.27618 1.53665 0.89 2
3.29399 2.1819 0.71 1
3.33298 1.82701 0.81 1
3.2785 2.35231 0.63 1
3.92146 1.50926 0.95 2
4.24051 1.98165 0.97 1
3.30526 2.16943 0.76 1
3.49722 2.13797 0.89 1
3.26413 2.00577 0.77 1
3.35541 2.11452 0.76 1
3.34529 2.10918 0.73 1
3.69378 2.1363 0.89 1
3.27481 2.32759 0.64 1
3.26846 1.60697 0.87 1
3.28592 2.2811 0.66 1
3.27133 2.43275 0.59 1
3.2573 2.13281 0.72 1
3.3173 2.16672 0.71 1
3.39901 1.86818 0.8 1
3.30625 2.22598 0.69 1
3.4626 2.11752 0.88 1
3.36017 2.19121 0.73 1
3.29086 2.25348 0.68 1
4.28729 1.91547 1.06 1
1.30091 1.94908 0.05 0
4.08599 2.48703 0.94 1
3.30354 2.26962 0.68 1
3.5298 2.17794 0.87 1
3.47286 1.64872 0.9 1
3.30491 2.26732 0.69 1
3.38875 2.07558 0.76 1
3.27322 2.2894 0.66 1
3.16881 2.25983 0.9 1
3.28048 1.9611 0.77 1
2.73613 1.55974 1.03 1
3.46672 2.17468 0.81 1
3.4444 1.83065 0.92 1
3.27967 2.35523 0.63 1
3.37876 1.90285 0.8 1
3.27285 2.29806 0.66 1
3.27049 2.19978 0.74 1
3.43041 2.18142 0.8 1
3.1008 1.74541 0.89 1
3.5065 1.71115 0.85 1
3.27503 2.33288 0.64 1
3.28892 2.20589 0.72 1
3.18541 1.52365 0.9 2
3.40141 1.97234 1.12 2
3.69395 2.25113 0.89 1
3.93887 2.24225 0.91 1
3.77721 2.4629 0.91 2
3.3088 2.09178 0.73 1
4.04423 1.58605 0.94 1
3.65167 1.54286 0.9 2
3.60326 1.609 0.99 1
3.4097 2.04446 0.78 1
3.34032 2.02424 0.83 1
3.30805 2.0661 0.74 1
3.28633 2.18901 0.72 1
3.20651 2.1136 0.81 1
3.31163 2.17089 0.71 1
3.91962 1.73222 0.92 1
3.46445 1.63332 0.87 1
3.39858 1.84794 0.81 1
3.35127 2.21906 0.73 1
3.28821 2.14595 0.72 1
3.32971 2.20733 0.75 1
3.22145 2.34365 0.93 1
3.6467 2.46347 0.95 2
3.42256 2.24849 0.82 1
4.01851 1.95139 0.96 1
4.61895 2.4941 1 1
3.27567 2.37265 0.62 1
3.19242 2.00746 0.8 1
3.46174 1.74773 0.83 1
3.27465 2.20911 0.71 1
2.55317 2.36543 1.03 1
3.33881 1.67752 0.83 1
3.28174 2.31718 0.65 1
3.21524 1.82866 0.82 1
3.13837 2.32659 0.86 1
3.1305 2.46258 0.96 1
3.25455 2.20402 0.81 1
3.26056 2.18805 0.8 1
3.74306 2.43535 0.99 1
3.45114 2.2539 0.88 1
3.27287 1.76964 0.83 1
3.22844 2.20498 0.79 1
3.27903 1.98462 0.78 1
4.39657 2.2347 1.33 2
3.52311 1.93166 0.81 1
3.35059 1.88412 0.83 1
3.27689 2.28516 0.66 1
3.25152 2.07216 0.74 1
3.25259 2.15697 0.75 1
3.20786 1.83851 0.99 1
3.29104 2.22127 0.7 1
3.43048 2.4957 0.94 1
3.58822 2.4889 0.93 2
3.27113 1.63875 0.94 2
3.36966 2.21677 0.89 1
2.94252 1.95177 1.01 1
3.28217 2.22245 0.7 1
3.15587 1.78152 0.84 1
3.28515 2.28309 0.66 1
3.5316 1.63277 0.99 1
3.28365 2.39763 0.94 1
3.2756 2.30817 0.65 1
3.32559 2.21325 0.7 1
3.4893 1.61139 0.9 1
3.27853 2.3385 0.64 1
3.69413 2.1253 0.96 1
3.92162 2.22858 0.91 1
3.30794 2.13568 0.74 1
3.31406 2.08203 0.92 1
3.63383 1.90247 0.88 1
3.40082 2.22184 0.86 1
3.24084 2.13889 0.75 1
3.26765 2.20306 0.72 1
2.98691 1.8245 0.96 1
3.38995 1.99017 0.78 1
4.40904 1.76384 1.21 2
3.2735 2.31448 0.65 1
3.27381 2.3926 0.61 1
3.36331 1.84943 0.79 1
3.4949 2.0302 0.83 1
4.2664 1.58861 0.98 1
3.49812 1.87972 0.8 1
2.62706 2.09506 1.02 1
3.27716 2.3407 0.64 1
3.34829 2.31501 0.95 1
3.29784 1.53413 0.9 2
3.25793 2.22986 0.73 1
2.82414 2.33587 0.97 1
3.5422 2.0562 0.82 1
3.32202 2.23257 0.71 1
2.88685 1.86257 0.95 1
2.89497 1.60989 0.97 1
3.42488 1.96109 0.79 1
3.56232 1.75612 0.82 1
3.40655 1.53695 0.88 1
3.25273 1.50047 0.96 2
3.33962 2.14766 0.72 1
3.54821 1.811 0.97 1
3.24109 2.08632 0.75 1
5.19892 1.99922 1.06 1
3.27085 2.16678 0.72 1
3.27729 2.3116 0.65 1
3.72667 1.73367 0.88 1
3.26988 2.45264 0.58 1
3.44173 2.14447 1.06 1
3.27529 2.18535 0.72 1
3.82087 2.11078 0.98 1
3.29384 2.22203 0.69 1
3.26987 2.45255 0.58 1
3.28314 2.34024 0.64 1
3.47591 2.36725 0.95 1
4.64214 2.36237 1.01 1
3.86835 2.25717 0.93 1
3.31976 2.29474 1.02 1
3.46822 2.07659 0.8 1
3.57157 1.97203 0.88 1
3.47729 2.08533 0.85 1
3.28003 2.31182 0.65 1
3.29193 2.2985 0.66 1
3.28212 2.31291 0.65 1
3.2905 2.24808 0.7 1
3.35487 1.95034 0.96 1
3.27116 2.43302 0.59 1
3.40304 1.53904 0.88 1
3.63493 2.20783 0.87 1
3.31388 2.23286 0.71 1
3.58762 1.54323 0.9 2
3.34158 2.21854 0.77 1
3.97993 2.04016 0.95 1
3.93643 2.04626 0.91 1
2.78037 2.02803 0.98 1
2.58869 1.81108 1.03 1
3.36447 2.1885 0.81 1
4.03305 1.90893 1.06 2
3.23548 1.98233 0.76 1
4.31489 1.74323 1.06 1
3.53862 1.9186 0.83 1
4.62105 2.46742 1.01 1
4.19547 1.78843 0.97 1
3.49743 2.07599 0.87 1
4.99633 1.8801 1.06 1
3.27563 2.32956 0.64 1
3.48053 2.11306 0.82 1
3.2806 2.18523 0.73 1
3.27301 2.39316 0.61 1
4.27323 2.04377 0.99 1
3.90486 2.10802 0.98 1
4.78104 2.03028 1.06 1
4.74189 1.85478 1.06 1
3.41434 2.07946 0.79 1
3.28366 2.29563 0.66 1
3.28546 2.32283 0.65 1
3.2678 2.20482 0.73 1
3.68941 1.68404 0.97 1
3.25378 1.50583 1 2
3.78255 2.30185 0.99 1
3.50532 1.96236 0.82 1
3.27146 2.18896 0.78 1
3.10789 2.17066 0.87 1
3.34481 2.12735 0.8 1
3.44781 1.90996 0.79 1
3.5362 1.74123 0.82 1
2.91876 1.90122 1.02 1
3.70469 1.69973 0.87 1
3.75008 2.35935 0.91 1
3.27805 2.32888 0.64 1
3.01067 1.69429 0.9 1
3.29931 2.23745 0.7 1
4.10972 1.99719 0.96 1
4.95482 1.39991 1.03 1
3.24087 1.86971 1.11 2
3.27337 2.39197 0.61 1
3.322 2.14433 0.73 1
3.01385 2.15171 0.99 1
3.23528 2.118 0.76 1
3.27071 2.24564 0.88 1
3.19393 1.88286 0.86 1
2.69312 2.09787 1.06 1
3.29962 2.10305 0.73 1
3.29701 1.89531 0.8 1
3.27895 2.32083 0.65 1
2.88498 2.46488 0.97 1
3.37002 2.17562 0.83 1
3.27848 1.75024 1 2
3.70761 2.02689 0.87 1
3.27134 2.43286 0.59 1
3.49731 1.97943 0.83 1
4.16584 1.81512 1.31 2
3.28516 2.25966 0.68 1
3.75826 1.83748 0.88 1
3.38213 1.87363 0.79 1
3.11383 1.51482 0.87 1
3.50874 2.05354 0.81 1
3.62138 1.90443 0.85 1
3.78385 2.3632 0.88 1
3.41469 1.99685 0.79 1
3.38071 1.88555 0.81 1
3.97391 2.332 0.95 1
3.00412 2.27277 0.9 1
3.45044 2.15896 0.81 1
3.3513 2.42084 0.92 1
3.27973 2.35163 0.63 1
3.13959 1.70085 0.88 1
3.27489 2.33575 0.64 1
3.60269 1.89999 0.85 1
3.48698 1.7963 0.83 1
3.90267 2.31057 0.93 1
3.14102 2.3175 0.97 1
3.37479 1.84721 0.8 1
3.27397 2.35188 0.63 1
3.66229 1.50326 0.86 1
3.06035 2.48525 0.91 1
3.35853 2.11476 0.74 1
3.33689 2.14736 0.72 1
3.23262 1.98397 0.76 1
4.00606 2.12971 0.92 1
3.13311 1.69819 0.87 1
3.56337 1.61452 1.33 2
3.47117 1.74533 0.84 1
3.47882 2.21665 0.86 1
3.4654 1.98256 0.79 1
4.87143 1.40029 1.03 1
3.12193 2.25577 0.85 1
3.27116 2.43262 0.59 1
3.41618 2.12894 0.81 1
3.74948 1.53862 0.89 1
3.63377 1.81912 0.89 1
3.2996 2.23693 0.72 1
3.27695 2.35261 0.63 1
3.28561 2.15797 0.71 1
3.01701 2.0734 0.92 1
3.30339 1.97222 0.78 1
3.58991 1.61729 0.84 1
3.37805 2.09549 0.94 1
3.45711 2.15038 0.82 1
3.29544 2.11124 0.73 1
3.10331 2.3988 0.95 1
3.22016 1.60667 1.04 1
3.25808 2.10634 1.2 2
4.18197 1.87013 0.94 1
3.55217 2.47505 0.93 1
3.4028 2.08807 0.78 1
3.26994 2.45261 0.58 1
3.3583 2.10364 0.75 1
3.45435 1.69946 0.83 1
3.37814 2.06551 0.85 1
4.08155 1.94842 1.09 2
3.22682 2.20178 0.78 1
3.23295 1.83013 0.8 1
4.52298 1.72853 1.1 2
2.82011 1.83105 0.99 1
3.29349 2.26721 0.68 1
3.27933 2.25359 0.68 1
3.31358 2.24752 0.69 1
4.05671 1.86874 0.95 1
4.09575 1.85619 1.08 2
3.19858 2.06527 0.87 1
3.28317 2.32441 0.65 1
2.73104 1.5634 1 1
3.94751 1.85924 0.91 1
3.19914 2.21816 0.82 1
3.68659 1.78204 1.05 1
3.19795 1.93711 0.82 1
3.42753 2.17469 0.81 1
3.78752 1.50719 0.93 1
3.22555 1.9334 0.78 1
3.11416 1.59235 1 1
3.19007 1.74077 0.87 1
3.59398 2.27042 0.84 1
3.20209 2.02135 0.8 1
3.28654 2.26108 0.67 1
3.64882 2.32824 0.94 1
3.3009 2.06817 0.9 1
3.41812 1.83936 0.87 1
3.61865 1.52457 0.92 2
3.22393 2.03769 0.81 1
3.21068 2.04299 0.79 1
3.41366 2.15796 0.76 1
4.16325 1.52128 0.98 1
3.03441 2.11133 0.92 1
3.30115 2.26737 0.68 1
3.87995 2.12485 0.91 1
3.64808 2.19106 0.85 1
3.32485 1.8872 0.8 1
3.43594 2.08805 0.78 1
3.93645 1.88766 0.91 1
3.51665 1.60021 0.85 1
3.63701 1.69215 0.85 1
3.32638 2.20031 0.75 1
3.28021 2.32001 0.65 1
3.59072 2.31118 0.87 1
3.70966 1.53131 0.89 1
3.71765 2.03806 0.91 1
3.06634 1.91484 0.95 1
3.2339 1.73822 0.84 1
3.72532 1.6108 0.86 1
3.81554 2.11286 0.9 1
4.05918 2.22215 0.95 1
3.30218 1.88206 1.07 2
4.60712 1.83631 1.24 2
3.30276 2.19769 0.77 1
3.11765 1.92351 0.86 1
3.40567 1.96478 0.8 1
4.26047 2.22508 0.95 1
4.71011 2.14374 1.05 1
4.279 2.14487 1.17 2
4.53648 2.45132 1.06 1
3.06519 2.133 1.01 1
3.46167 1.89567 0.84 1
4.50455 1.64953 1.05 1
3.28176 2.33131 0.64 1
3.26554 1.98638 0.85 1
3.27569 2.37294 0.62 1
3.60907 2.13352 0.83 1
3.86827 1.50252 0.9 1
3.25716 1.97571 0.76 1
3.29781 2.15179 0.73 1
4.69851 1.50602 1.01 1
3.85571 2.29976 0.89 1
4.24439 1.80523 1.05 1
4.52189 5.06956 1.62 2
4.41182 5.58547 1.66 2
4.23605 6.31034 1.71 2
4.11162 6.78644 1.74 2
4.64998 1.60384 1.01 1
3.35968 2.12933 0.78 1
4.20065 1.74237 0.96 1
4.21986 2.21395 1.01 1
3.37919 1.59087 0.87 1
2.43303 2.31496 1.06 1
3.27828 2.30216 0.66 1
3.52797 1.78134 0.84 1
3.08865 1.91558 0.93 1
3.29921 2.17618 0.7 1
3.78145 1.65599 0.99 1
3.81437 2.4431 0.91 1
3.28647 2.3068 0.66 1
3.83394 2.43072 0.92 1
3.1642 2.47502 0.91 1
3.5643 2.48536 0.91 2
4.18868 1.88643 0.95 1
2.99257 2.4716 0.99 1
3.18602 1.97596 0.96 1
3.18118 1.54731 0.86 1
3.45298 1.95828 0.79 1
3.43289 2.20565 0.97 1
3.35791 2.39612 0.92 1
3.26994 2.11802 0.73 1
3.66534 1.51081 0.97 2
3.93945 1.55629 0.93 1
3.29115 1.85281 0.79 1
3.55248 2.06309 0.85 1
3.35836 2.11683 0.79 1
3.52668 1.56814 0.88 1
3.36178 2.14783 0.74 1
3.35567 2.17177 0.75 1
3.40225 2.37031 0.89 1
3.32269 1.85321 0.79 1
4.88136 2.98788 1.4 2
3.11464 2.30806 0.88 1
3.30895 1.83736 0.81 1
3.52182 1.99563 0.87 1
3.53099 1.81716 0.9 1
3.82794 2.49619 0.94 1
3.71941 2.31579 0.87 1
3.41621 1.74952 0.83 1
3.29075 1.97727 0.78 1
3.02123 2.47141 0.99 1
3.23352 2.13154 0.87 1
3.0301 1.63048 0.95 1
3.47285 1.76438 0.86 1
2.82453 2.29438 0.97 1
3.55437 2.19216 0.84 1
3.47898 1.50629 0.86 1
3.23131 2.13967 0.76 1
3.27837 2.16386 0.76 1
3.08801 2.24288 0.89 1
4.31575 2.10904 0.97 1
3.31851 2.10746 0.73 1
3.58579 1.65512 0.85 1
3.91498 2.44848 0.91 1
3.14737 1.59589 0.98 1
3.26246 1.88287 0.82 1
3.64104 1.87113 0.87 1
3.14277 1.60644 0.92 1
3.46787 2.10704 0.8 1
3.27315 2.39486 0.61 1
3.44013 2.23443 0.8 1
4.40622 2.48384 0.99 2
3.35593 2.06268 0.74 1
4.79521 1.8349 1.04 1
4.53609 2.61039 1.3 2
3.19347 2.04411 0.86 1
2.99214 1.82693 1.03 1
3.79701 2.37943 0.89 1
3.30544 2.16811 0.75 1
3.78764 2.31916 0.89 1
3.27883 2.35127 0.63 1
4.12059 1.55702 0.94 1
3.5212 1.60095 0.89 1
3.61985 1.78449 0.87 1
3.82275 1.72049 0.9 1
3.80858 1.93125 1 1
3.2773 2.24462 0.69 1
3.85344 1.93589 1.04 1
3.37165 2.38285 0.93 1
3.0058 2.48221 0.93 1
3.37588 1.83337 0.81 1
4.25578 2.49639 0.96 2
3.71406 1.54817 0.95 1
3.29385 1.9913 0.76 1
3.28733 2.29676 0.66 1
3.55865 1.99132 0.85 1
4.1001 2.47392 0.96 2
4.4418 2.48328 1 1
3.43174 1.97823 0.96 1
4.16108 2.03951 1.01 1
3.19102 2.22097 0.89 1
3.7219 2.27457 0.93 1
3.44554 2.09513 0.85 1
3.23559 1.94221 0.8 1
4.10554 1.72131 0.97 1
3.29236 1.52058 1 2
3.41684 2.42802 0.97 1
3.26258 1.94368 0.78 1
3.27012 2.11965 0.72 1
3.91564 1.85269 0.95 1
3.3721 2.10146 0.89 1
3.37871 1.83967 0.81 1
3.45987 1.89272 0.82 1
3.65537 2.20682 0.86 1
4.49135 2.22592 1 1
3.28899 2.15292 0.72 1
2.79703 2.46562 1 2
3.28694 2.18688 0.7 1
3.39223 1.92625 0.79 1
3.20538 2.11406 0.88 1
3.27616 2.35751 0.63 1
3.34902 2.14015 0.74 1
3.37332 2.04326 0.75 1
3.60394 2.10412 0.83 1
3.54582 2.18429 0.85 1
3.54904 2.2263 0.84 1
3.16213 2.21553 0.85 1
3.29462 2.23621 0.72 1
3.04628 1.60306 0.96 1
3.58363 2.44382 0.9 1
3.51401 2.13952 0.84 1
3.31286 2.22353 0.71 1
3.32029 2.02965 0.82 1
3.40979 1.71767 0.82 1
3.45988 1.87319 0.81 1
3.2165 1.72015 0.82 1
3.27916 2.33335 0.64 1
3.54772 2.07947 0.87 1
2.81989 1.79438 1 1
4.12321 2.19998 0.93 1
3.38428 1.53275 0.91 1
3.49633 1.9125 0.95 1
4.74687 1.52478 1.03 1
3.02299 1.58615 0.91 1
3.70179 2.44152 0.92 1
3.27368 2.39392 0.61 1
3.78666 1.80619 0.89 1
3.27537 2.11813 0.72 1
3.07436 2.29798 0.87 1
3.04549 1.92477 1.05 1
4.3647 2.26557 1.21 2
3.39764 1.80836 0.8 1
3.41971 2.06212 0.77 1
3.39301 1.54147 0.96 1
3.39314 1.98229 0.89 1
3.41534 2.11755 0.81 1
4.69687 1.6602 1.03 1
3.86963 1.87012 0.92 1
3.31738 2.19558 0.7 1
4.55052 2.58064 1.3 2
3.08555 2.48038 0.92 2
3.38298 2.22298 0.78 1
4.01045 2.06944 0.99 1
3.10088 2.39433 0.95 1
3.65985 2.02207 0.89 1
4.6476 2.7713 1.35 2
5.20252 4.71814 1.83 2
3.25963 1.90728 0.78 1
3.51196 1.95844 0.83 1
3.40191 2.13258 0.76 1
3.79663 2.26567 0.9 1
3.75484 1.57335 0.87 1
3.17122 2.01274 0.82 1
3.84112 2.09786 0.99 1
3.2128 2.17719 0.81 1
3.29581 2.28609 0.67 1
3.96321 1.7842 0.94 1
3.2909 2.19422 0.8 1
3.36278 2.16448 0.85 1
3.24817 2.1261 0.75 1
5.90291 6.65357 2.17 2
3.24185 1.69655 0.86 1
3.43934 1.90396 0.78 1
3.28202 2.14125 0.72 1
3.59779 1.5906 0.95 1
3.27288 2.39404 0.61 1
3.53753 1.78619 0.83 1
3.06913 1.98133 0.89 1
4.12421 2.20488 1.01 1
3.44736 1.77207 0.81 1
3.83656 2.01044 0.89 1
3.21889 2.1052 0.96 1
3.42275 2.21039 0.82 1
3.48024 2.1583 0.8 1
3.07777 1.68722 0.94 1
3.38888 2.16834 0.76 1
5.58645 4.66358 1.69 2
3.31109 2.25699 0.69 1
3.24395 2.16612 0.78 1
3.28399 2.31716 0.65 1
3.28377 2.35318 0.94 1
3.42964 1.54484 0.87 1
3.17759 1.72777 0.82 1
3.36647 2.03334 0.77 1
3.51509 1.64152 0.9 1
3.3239 1.91837 0.86 1
5.02978 2.42793 1.04 1
3.30545 1.87782 0.8 1
3.49015 1.50315 0.88 1
3.37818 1.50871 0.86 1
3.0347 2.42011 0.91 1
3.46697 2.15063 0.97 1
4.22846 1.73645 0.99 1
3.70352 2.01913 0.89 1
3.86051 2.19193 0.92 1
3.37455 2.33673 1.01 1
4.25364 1.71916 0.98 1
3.44865 1.51866 0.91 1
3.18298 1.73481 0.82 1
3.42061 2.23867 0.81 1
3.29869 2.24041 0.68 1
3.32556 2.19358 0.71 1
3.97338 2.02016 0.98 1
3.3213 2.07743 0.76 1
4.74509 2.95955 1.4 2
2.83826 1.56489 1 1
3.37648 2.21551 0.78 1
3.12642 1.93852 0.92 1
3.29281 2.23873 0.7 1
4.13677 1.70635 1.06 1
3.60983 2.18181 0.84 1
2.67328 2.21344 1.03 1
3.136 1.64723 0.85 1
5.33721 5.58773 2.01 2
3.27656 2.22468 0.7 1
3.43411 2.08818 0.92 1
3.73998 2.43032 0.93 1
3.50468 1.82354 0.81 1
3.34133 2.03539 0.8 1
3.48119 2.06714 0.84 1
3.18188 1.88453 0.94 1
4.557 1.5076 1 1
3.46691 1.86194 0.9 1
5.24832 2.35746 1.06 1
3.40858 2.07654 0.82 1
3.12947 1.57855 0.97 1
4.54726 1.9831 1.01 1
5.42087 5.7163 2.02 2
3.49086 2.17862 0.81 1
3.35604 1.975 0.79 1
3.76088 1.89591 0.9 1
4.66244 2.35598 1.02 1
3.26586 2.19436 0.7 1
2.77421 2.28304 1 1
3.87727 1.51341 0.91 1
3.83853 2.07549 0.89 1
3.09256 2.46557 0.91 2
2.66621 2.21987 1.04 1
4.34102 2.18893 1.01 1
3.72338 1.73053 0.94 1
3.69531 1.67541 0.91 1
3.31844 1.51613 1.03 2
3.37357 2.07914 0.74 1
3.26135 1.53358 0.86 1
3.2835 2.31115 0.65 1
3.60532 1.7319 0.88 1
4.00372 2.19272 0.92 1
3.27083 2.21991 0.69 1
4.58137 1.96573 1.01 1
3.09311 2.49233 0.97 2
3.25927 2.0441 0.75 1
3.28191 2.21655 0.72 1
2.6889 2.00198 1.02 1
3.59655 1.93894 0.88 1
4.54386 1.61738 1 1
3.60191 2.14217 0.83 1
3.28981 2.22875 0.7 1
3.71373 2.17429 0.89 1
3.35882 2.17633 0.76 1
3.11644 2.44008 0.99 1
3.296 2.11436 0.72 1
3.90803 2.01338 0.96 1
3.13926 1.50673 0.88 1
3.27269 2.41291 0.6 1
3.05896 2.09121 0.89 1
3.8185 1.98097 0.96 1
2.76334 2.39324 1.02 1
3.33371 1.73792 0.84 1
4.47064 2.03967 0.98 1
4.74688 1.72553 1.06 1
3.50096 2.26588 0.83 1
3.47521 2.48439 0.91 1
3.72392 2.09783 0.88 1
3.61042 1.83227 0.84 1
3.37715 1.61087 0.84 1
3.39308 1.92874 0.79 1
3.60176 2.22581 0.91 1
3.60186 2.07387 0.83 1
3.90851 1.86967 0.91 1
3.59413 2.33597 1.06 1
3.85542 2.28762 0.89 1
3.64913 1.52228 0.99 2
3.40826 1.5358 0.86 1
3.40833 2.04 0.76 1
3.21554 2.40317 0.89 1
3.76362 1.70347 0.9 1
3.20176 1.90062 0.92 1
3.42849 1.98496 0.93 1
3.4511 2.06694 0.79 1
2.11549 1.75583 0.18 0
3.27559 2.01345 0.82 1
5.73068 6.66077 2.26 2
3.2585 2.10519 0.89 1
3.41808 1.94152 0.79 1
3.43703 1.6482 0.89 1
5.51316 6.09037 2.09 2
3.66647 1.59097 0.89 1
3.61673 1.71712 0.87 1
2.92189 2.2175 0.94 1
3.15522 2.46182 0.91 1
3.67302 2.26155 0.92 1
4.01614 2.01535 1 1
4.47572 1.90282 1.02 1
4.35164 1.78659 1.03 1
3.56764 1.77393 0.87 1
3.31949 2.04784 0.75 1
4.7517 1.49934 1.04 1
2.92859 1.81825 0.95 1
3.03276 1.51957 0.9 1
3.43985 1.51662 0.88 1
3.62653 1.65604 0.85 1
5.71507 6.4839 2.23 2
4.37691 2.09878 0.97 1
5.30425 5.74833 2.04 2
3.27502 2.33536 0.64 1
3.47314 1.84899 0.86 1
3.45964 2.22779 0.8 1
5.59461 6.30848 2.17 2
3.3855 2.40365 0.96 1
3.38977 2.13117 0.77 1
3.56143 2.44413 0.92 1
3.12671 1.53112 1.04 1
4.76376 1.52588 1.05 1
3.74998 1.5179 0.93 1
3.53718 1.69307 0.84 1
3.62809 1.76426 0.85 1
3.82332 2.19285 0.88 1
3.21629 1.83582 0.81 1
3.37197 1.98722 0.77 1
3.16962 1.79043 0.82 1
4.35452 1.75323 1.03 1
3.21349 1.53436 0.85 1
4.68916 2.46063 1.05 1
3.74372 1.9794 0.87 1
3.02616 2.15903 1.06 1
3.61734 2.07086 0.99 1
4.31681 2.47191 0.99 1
3.59567 1.56428 0.85 1
3.41566 2.24249 0.82 1
3.58397 2.07414 0.83 1
3.27728 2.17229 0.75 1
3.64429 2.5 1.02 2
3.16456 2.2146 0.87 1
3.53605 1.59052 0.86 1
3.27698 1.78331 0.81 1
3.59231 1.67571 0.83 1
3.28229 2.19227 0.71 1
5.54082 6.32697 2.17 2
3.2687 1.77005 0.81 1
4.63478 1.7161 1.04 1
3.51295 1.84748 0.8 1
3.06517 2.24587 0.96 1
4.73864 2.14735 1.02 1
3.4797 1.73205 0.89 1
4.3149 1.79579 0.96 1
3.01562 1.6692 0.91 1
5.27901 6.33305 2.16 2
3.47594 2.2424 0.87 1
3.24643 2.13844 0.78 1
3.31078 2.21578 0.75 1
3.47531 1.52472 0.86 1
3.34012 2.01797 0.98 1
3.2927 2.19809 0.43 0
3.11863 2.2019 0.9 1
3.41843 2.14016 0.77 1
4.24702 2.45965 0.95 1
3.27104 2.43264 0.59 1
3.55373 2.00911 0.94 1
3.842 2.23057 0.9 1
3.39143 2.06992 0.75 1
3.57299 1.56963 0.85 1
3.25832 1.88705 0.82 1
3.1376 1.78868 0.94 1
2.94265 2.00378 0.95 1
3.41108 1.53884 0.85 1
3.71073 2.10826 0.88 1
4.91538 2.70571 1.04 1
3.85611 2.40498 0.89 1
2.99128 2.39449 0.98 1
3.29851 1.70965 0.85 1
3.3026 2.21826 0.69 1
3.03364 2.40468 0.92 1
3.39351 1.90873 0.84 1
3.29928 1.9407 0.77 1
3.55217 2.48143 0.95 1
3.19256 1.86697 0.8 1
3.41422 2.00017 0.84 1
3.43982 2.02168 0.79 1
3.30911 2.07517 0.77 1
3.27709 2.21307 0.72 1
3.31091 2.21827 0.74 1
4.01821 2.47938 0.92 2
2.97662 1.68553 0.98 1
3.05129 1.63972 0.9 1
3.73665 2.10894 0.99 1
5.02654 2.02467 1.05 1
3.3184 2.21144 0.7 1
3.27716 2.25798 0.68 1
3.63669 1.90674 0.84 1
3.29338 1.97226 0.81 1
3.33227 2.16489 0.74 1
3.31151 2.2345 0.71 1
3.61902 1.67593 0.91 1
3.25954 2.18458 0.74 1
2.88513 2.48401 0.94 1
3.20165 1.87164 0.8 1
3.58316 2.40651 0.91 1
3.5804 2.46769 0.95 2
4.33432 2.43038 0.96 1
3.7866 2.14466 0.91 1
3.98603 1.72855 1.01 1
4.52721 2.36806 1.03 1
3.27765 2.29882 0.97 1
5.19258 6.99562 2.34 2
3.23815 2.2863 0.89 1
4.8437 1.77781 1.05 1
3.80941 2.0552 0.99 1
4.01282 1.53457 0.95 1
3.44584 2.35095 0.88 1
3.17742 2.13473 0.81 1
3.55074 2.37238 0.93 1
3.29316 2.26221 0.67 1
3.28143 2.24173 0.7 1
4.55023 2.11939 1.03 1
3.26724 2.0979 0.73 1
3.54281 2.12778 0.81 1
3.30208 2.23016 0.7 1
4.04032 1.69481 0.99 1
2.63118 1.82784 1.04 1
3.74459 2.1629 0.88 1
5.18578 4.1712 1.72 2
